1000   80
265   99
427   92
579   68
198   11
649   44
65   75
288   20
581   43
194   4
560   49
69   72
302   18
403   9
116   97
456   64
362   36
250   38
565   53
130   97
358   99
662   54
79   78
129   52
210   4
188   10
158   45
588   44
120   26
262   6
145   77
605   63
209   92
360   1
421   42
238   52
190   77
506   43
562   73
587   30
469   82
497   44
431   41
217   68
51   22
457   27
280   29
631   64
662   38
57   71
677   37
640   7
467   9
403   31
690   34
265   1
64   25
236   13
274   63
348   49
597   48
396   50
662   75
678   38
637   89
167   49
482   44
264   69
591   59
102   44
297   16
144   65
257   13
109   57
296   43
105   86
651   94
679   16
641   97
282   11
489   26
