1000   60
188   8
87   43
508   78
76   61
301   22
444   44
318   89
662   66
470   7
599   34
649   10
609   43
219   36
549   26
408   82
212   57
551   89
461   75
528   24
256   48
698   99
505   69
525   41
124   22
131   33
556   98
304   97
616   56
365   61
242   94
424   94
191   73
606   38
219   54
457   5
342   95
117   71
251   70
524   3
191   61
678   58
178   28
405   32
520   54
66   92
225   35
536   90
335   21
427   4
372   57
373   18
223   34
676   28
486   73
549   69
350   77
302   52
236   71
365   62
190   90
