1000   90
207   94
519   38
387   41
103   58
242   8
658   31
550   42
297   51
483   65
456   31
530   31
584   10
475   77
313   24
499   82
525   72
680   2
137   58
319   49
248   45
268   81
612   19
308   17
554   4
86   65
311   42
168   42
424   6
73   10
541   3
495   72
278   24
347   77
73   44
402   65
622   26
55   5
517   25
164   27
599   92
198   73
680   39
206   3
194   56
258   28
350   70
244   48
77   61
215   89
665   72
81   95
220   3
191   29
377   63
287   57
231   6
435   61
223   18
320   51
454   50
646   49
647   38
75   76
473   62
468   99
352   54
366   16
118   54
324   1
180   30
415   82
149   39
382   70
95   5
288   98
267   58
694   8
326   26
152   85
450   69
601   3
295   43
50   63
615   47
602   50
493   32
543   59
644   32
428   19
405   58
