1000   70
674   17
500   17
333   77
534   87
467   14
580   0
603   49
184   97
592   1
521   15
671   33
330   8
139   52
567   80
586   93
490   99
404   78
609   65
594   26
576   90
367   97
110   44
624   4
543   0
601   74
237   7
393   14
416   40
635   94
634   28
385   74
669   36
460   64
178   68
523   81
122   14
56   15
125   48
184   16
556   33
171   87
463   54
566   93
530   90
141   95
389   40
612   21
420   20
116   34
383   94
327   61
241   62
647   12
674   12
417   19
323   39
190   96
101   89
600   96
577   0
669   93
518   56
305   49
392   98
443   30
156   57
477   27
197   9
695   92
361   42
