1000   100
614   38
212   84
297   76
358   96
160   70
322   55
395   71
111   57
51   98
688   64
491   55
679   49
593   17
552   83
249   48
227   95
603   24
418   0
307   39
108   50
92   81
392   49
163   78
124   1
382   42
242   25
86   19
651   95
473   60
229   85
637   25
459   77
605   96
260   89
666   5
301   49
68   14
632   77
666   95
604   76
61   89
569   32
692   42
461   82
193   73
633   99
596   68
264   72
486   54
507   23
561   85
587   89
319   65
319   96
690   86
461   14
592   30
496   52
435   87
156   20
538   90
422   59
472   78
571   77
268   45
146   93
483   80
99   65
283   48
344   80
109   92
540   27
256   13
526   31
491   43
601   65
445   81
203   16
289   6
577   91
189   39
238   96
405   28
388   48
681   14
95   85
87   16
164   10
675   34
547   89
692   98
587   38
161   43
670   68
671   72
592   87
664   72
577   45
148   51
413   91
