1000   120
391   73
70   57
398   11
159   9
214   99
190   67
518   94
470   74
497   26
568   83
616   22
95   3
467   88
479   27
659   85
192   63
55   98
59   68
79   43
666   19
137   65
551   38
631   39
470   93
686   4
152   64
647   78
277   61
624   91
58   47
489   92
231   13
462   24
191   77
354   49
665   48
558   23
650   78
572   1
253   4
153   55
551   76
175   89
182   56
159   81
638   95
574   68
556   36
683   32
552   60
168   19
674   21
154   64
51   35
421   68
431   1
445   65
613   25
71   46
585   42
160   50
96   23
635   12
589   30
644   92
115   80
649   41
444   22
576   43
686   1
435   20
494   86
378   80
142   86
309   48
86   52
650   88
372   84
558   22
552   59
435   4
132   76
290   98
396   50
687   46
590   97
418   15
361   62
527   39
687   61
212   25
318   71
689   59
134   80
93   6
369   28
570   86
472   59
688   61
438   58
191   99
51   8
344   50
302   13
461   2
527   80
444   50
151   51
601   45
652   41
239   95
506   94
316   6
324   52
143   48
644   53
610   67
360   47
659   94
94   41
