1000   140
353   2
428   90
647   31
530   85
175   79
86   19
151   8
388   79
334   54
505   67
206   18
567   42
58   1
509   25
601   87
209   20
233   76
125   74
570   60
471   34
342   7
592   74
229   41
356   40
445   79
105   24
585   1
691   37
657   34
408   23
198   28
498   13
310   9
560   84
485   11
118   34
478   82
84   37
556   70
457   98
173   77
539   27
314   7
687   56
79   80
228   52
661   16
584   31
128   28
455   68
410   2
664   16
528   95
72   96
139   26
651   26
439   33
241   49
162   44
668   42
657   90
552   13
282   37
238   40
493   29
233   38
674   4
381   79
104   73
555   70
625   65
235   66
354   8
66   59
406   42
577   10
434   82
140   45
66   91
338   37
106   2
666   93
623   58
697   50
328   71
688   38
359   17
611   7
359   30
545   33
170   0
213   58
323   76
480   43
477   26
582   34
114   90
653   91
362   91
537   9
164   89
216   66
200   24
161   15
147   64
165   38
625   47
408   97
392   24
118   53
606   69
691   1
375   63
246   99
684   57
609   91
436   76
611   79
542   81
531   83
367   10
273   64
187   36
533   51
291   97
668   58
176   15
561   7
595   14
492   1
195   81
639   81
132   2
183   58
271   97
104   31
507   52
311   22
403   28
456   24
