1000   180
556   48
443   60
562   73
210   49
170   23
151   63
379   42
383   42
181   88
189   24
282   87
257   89
498   14
535   14
492   26
147   23
455   39
558   62
322   99
463   92
282   97
68   6
538   97
454   38
623   78
637   59
256   58
664   37
675   30
160   61
271   40
273   18
663   2
118   27
641   93
491   45
276   69
607   38
630   35
667   84
413   22
463   82
65   14
227   16
246   61
199   45
112   37
217   56
384   96
101   4
207   12
314   48
237   11
148   42
283   30
482   40
113   78
582   93
463   30
633   72
79   81
305   11
365   70
242   65
293   15
287   88
341   97
522   38
650   19
608   24
137   65
460   14
200   42
480   80
89   8
583   9
522   45
478   32
106   8
480   71
191   68
305   69
133   53
108   33
229   54
154   39
174   66
98   44
496   11
507   46
76   3
295   91
694   10
473   25
77   94
385   89
659   79
316   31
427   14
657   6
87   11
244   67
249   66
134   54
286   70
425   15
634   41
486   37
517   72
584   68
525   21
323   45
437   53
97   92
668   22
132   10
644   3
360   93
124   4
648   20
97   3
169   89
164   62
278   55
358   16
583   27
408   45
532   70
521   17
602   79
442   90
667   30
687   15
698   35
52   21
685   87
679   66
424   44
307   7
529   87
162   69
238   38
130   44
577   72
303   88
402   19
646   50
178   35
592   22
271   24
681   5
498   53
221   94
217   69
80   18
137   61
485   72
170   52
698   11
493   88
487   76
184   61
351   63
115   68
192   14
352   53
554   74
161   53
413   46
100   41
480   49
345   92
80   32
552   17
68   71
194   81
368   79
692   21
296   89
217   13
