1000   160
183   18
575   46
206   9
579   10
543   19
267   98
62   12
505   74
205   20
228   18
674   97
528   95
138   9
525   36
562   77
452   30
232   93
73   54
432   4
537   47
521   70
408   42
247   41
623   90
435   4
278   71
129   8
243   15
189   38
564   21
205   29
154   80
645   72
405   39
244   44
171   2
516   61
445   6
312   87
560   76
356   51
92   82
525   57
436   86
619   8
620   29
445   90
267   66
442   97
201   80
220   17
422   50
632   71
406   75
191   94
424   87
152   79
571   10
168   64
112   77
566   46
632   93
269   75
582   2
97   97
662   22
59   20
398   61
201   87
635   42
284   76
161   46
80   70
494   91
417   90
177   13
253   62
462   55
587   12
475   15
547   12
646   40
237   23
74   53
585   21
173   71
626   94
258   94
345   98
641   15
233   33
378   29
243   39
644   47
123   8
645   8
145   71
226   8
546   77
315   78
134   8
219   30
275   22
105   27
72   74
346   50
470   57
120   99
392   94
416   17
589   66
177   76
439   87
695   59
183   38
285   45
337   69
289   94
630   50
168   9
516   65
54   45
357   89
396   34
105   93
664   93
529   57
506   43
100   64
569   37
595   99
466   19
415   33
562   7
191   93
512   51
611   51
235   65
305   50
681   33
113   8
598   38
354   68
252   93
692   60
341   80
542   12
276   44
605   21
622   88
315   25
649   73
275   21
129   33
556   42
183   90
264   95
535   56
232   92
595   11
