1000   200
667   85
323   2
506   11
311   1
522   61
599   51
661   48
414   46
600   87
528   66
206   41
373   42
408   81
471   87
288   10
543   26
491   34
349   86
337   36
128   22
116   97
577   13
103   29
105   26
406   72
156   94
293   68
222   54
103   25
421   3
171   14
642   63
628   21
607   82
307   17
660   65
382   7
649   13
518   0
361   97
69   92
80   98
277   0
210   26
320   12
441   27
130   97
508   80
531   32
103   44
110   27
76   76
433   2
183   93
637   18
502   67
324   17
172   92
673   85
128   77
549   60
448   1
560   74
551   33
150   76
82   43
627   53
518   2
518   26
492   9
343   68
543   63
657   67
406   30
355   74
134   30
169   91
179   71
647   85
444   80
199   25
285   61
689   88
675   5
672   42
197   89
238   75
511   43
169   4
459   65
67   28
348   80
662   33
455   97
303   29
670   63
252   54
123   89
142   71
210   45
452   39
437   4
532   72
559   46
507   48
364   35
693   61
198   34
295   79
118   15
575   31
577   12
71   45
617   60
88   10
409   8
426   79
530   39
122   39
251   28
298   16
516   42
120   78
211   80
310   44
428   86
270   89
621   94
104   87
115   71
512   64
303   60
669   21
311   83
405   89
320   3
285   10
558   47
514   22
409   1
279   70
285   18
664   94
629   86
613   22
367   13
652   75
81   8
600   0
256   31
658   18
400   75
167   41
617   2
693   38
373   5
304   99
495   54
575   2
214   26
666   20
293   23
71   34
525   51
561   95
657   74
306   5
201   21
214   87
272   15
234   47
687   34
308   14
145   45
324   53
351   82
313   25
375   48
379   64
370   92
85   39
149   54
251   52
426   12
488   80
541   67
362   73
102   67
110   22
410   27
70   4
394   9
382   71
672   82
379   73
690   66
296   22
294   37
454   10
420   79
